vertices = [247.75,267.06,60.0,177.04000000000002,196.35000000000002,60.0,177.04000000000002,196.35000000000002,40.0,247.75,267.06,40.0,233.61,281.2,40.0,162.89999999999998,210.49,40.0,162.89999999999998,210.49,60.0,233.61,281.2,60.0,];
faces=[0,1,2,0,2,3,4,5,6,4,6,7,7,0,3,7,3,4,5,2,1,5,1,6,1,0,6,7,6,0,3,2,5,3,5,4,];