vertices = [108.16000000000001,150.92000000000002,112.5,51.78,130.39999999999998,112.5,58.620000000000005,111.61,112.5,115.0,132.13,112.5,108.16000000000001,150.92000000000002,102.5,51.78,130.39999999999998,102.5,58.620000000000005,111.61,102.5,115.0,132.13,102.5,];
faces=[0,1,2,0,2,3,0,4,5,0,5,1,2,6,7,2,7,3,3,7,4,3,4,0,1,5,6,1,6,2,5,4,6,7,6,4,];