8.0 vertices	12.0 faces(triangles)
vertices = [62.29,281.2,60.0,133.0,210.49,60.0,133.0,210.49,40.0,62.29,281.2,40.0,48.150000000000006,267.06,40.0,118.85999999999999,196.35000000000002,40.0,118.85999999999999,196.35000000000002,60.0,48.150000000000006,267.06,60.0,];
faces=[0,1,2,0,2,3,4,5,6,4,6,7,3,4,7,3,7,0,1,6,5,1,5,2,5,4,2,3,2,4,7,6,1,7,1,0,];