8.0 vertices	12.0 faces(triangles)
vertices = [235.27,111.6,115.0,235.27,111.6,105.0,242.10999999999999,130.39999999999998,105.0,242.10999999999999,130.39999999999998,115.0,185.73000000000002,150.92000000000002,115.0,185.73000000000002,150.92000000000002,105.0,178.89,132.13,105.0,178.89,132.13,115.0,];
faces=[0,1,2,0,2,3,4,5,6,4,6,7,3,4,7,3,7,0,5,2,6,1,6,2,3,2,5,3,5,4,7,6,1,7,1,0,];