5.0 vertices	6.0 faces(triangles)
vertices = [0.0,14.379999999999999,120.47,0.0,-15.0,72.5,35.0,14.379999999999999,72.5,0.0,43.769999999999996,72.5,-35.0,14.379999999999999,72.5,];
faces=[0,1,2,2,3,0,3,4,0,4,3,1,2,1,3,4,1,0,];